0.1589348018169403
0.027530180290341377
0.038495663553476334
0.17542241513729095
0.028377344831824303
0.21896764636039734
0.27730700373649597
0.22879713773727417
0.21889300644397736
0.12297995388507843
0.2481730431318283
0.05970672518014908
0.08604606240987778
0.07159380614757538
0.07039378583431244
0.3740852475166321
0.1830809861421585
0.1361732929944992
0.16956838965415955
0.2632650136947632
0.059692952781915665
0.062468744814395905
0.2378072887659073
0.5121469497680664
0.3576751947402954
0.2299371361732483
0.10183938592672348
0.026927778497338295
0.1290624439716339
0.029242878779768944
0.14217214286327362
0.11235156655311584
0.14719948172569275
0.02841787599027157
0.539368748664856
0.20052313804626465
0.473497599363327
0.11078508198261261
0.20201902091503143
0.06460503488779068
0.03665341064333916
0.1706729531288147
0.3847807049751282
0.13668128848075867
0.16539441049098969
0.0700061023235321
0.07724277675151825
0.027034951373934746
0.20943710207939148
0.0898115262389183
0.08401644974946976
0.17949020862579346
0.03111887350678444
0.03004724346101284
0.16141317784786224
0.5251227021217346
0.18153634667396545
0.09165336191654205
0.1532537341117859
0.12017529457807541
0.06795187294483185
0.15764039754867554
0.1277281790971756
0.059101782739162445
0.12810134887695312
0.05355324223637581
0.027505414560437202
0.11732311546802521
0.18188156187534332
0.08537253737449646
0.09883314371109009
0.28669342398643494
0.12307211011648178
0.177458256483078
0.290944904088974
0.2023666501045227
0.22256453335285187
0.07963638007640839
0.26190444827079773
0.1394832730293274
0.03273974359035492
0.08133457601070404
0.20510873198509216
0.1495388299226761
0.027363702654838562
0.29641884565353394
0.08550352603197098
0.06473840773105621
0.21935062110424042
0.2780288755893707
0.2053760588169098
0.13302649557590485
0.1833910197019577
0.06751132011413574
0.19035348296165466
0.6500259041786194
0.09987354278564453
0.02900770679116249
0.43336740136146545
0.35172587633132935
0.11761461198329926
0.17676281929016113
0.03057086654007435
0.2916383147239685
0.03578583896160126
0.027939241379499435
0.030061708763241768
0.16771237552165985
0.15025241672992706
0.1658540964126587
0.2764413356781006
0.16966359317302704
0.05319701135158539
0.03176695853471756
0.15022724866867065
0.14888688921928406
0.19090616703033447
0.10848721116781235
0.33525392413139343
0.048820286989212036
0.1728779375553131
0.6241551637649536
0.18324846029281616
0.1255604475736618
0.19030265510082245
0.15588238835334778
0.05996445566415787
0.2694389820098877
0.13492637872695923
0.40866029262542725
0.14169654250144958
0.0271940678358078
0.5698740482330322
0.053151510655879974
0.0973004549741745
0.15048611164093018
0.04275471717119217
0.21886159479618073
0.027777768671512604
0.030964497476816177
0.0378899946808815
0.12276673316955566
0.06656152755022049
0.038851164281368256
0.028125857934355736
0.12681333720684052
0.20895054936408997
0.06495077908039093
0.07426003366708755
0.06410031765699387
0.19813083112239838
0.028583355247974396
0.062129586935043335
0.05042821168899536
0.4327012300491333
0.17852889001369476
0.03617195039987564
0.1668623387813568
0.17657381296157837
0.04668242856860161
0.4650246798992157
0.18358451128005981
0.11018206179141998
0.03470315784215927
0.24533116817474365
0.2614835798740387
0.15539568662643433
0.06297950446605682
0.16376155614852905
0.027612613514065742
0.10401248931884766
0.20477569103240967
0.2375141829252243
0.08176420629024506
0.24833698570728302
0.1274021714925766
0.04624142870306969
0.11458645761013031
0.15726634860038757
0.36135777831077576
0.06397309899330139
0.2292715609073639
0.15112054347991943
0.15960919857025146
0.04143053665757179
0.4532586336135864
0.18170520663261414
0.18617025017738342
0.1631530523300171
0.20532134175300598
0.028232701122760773
0.1080615222454071
0.17880284786224365
0.03897305577993393
0.030170101672410965
0.17874838411808014
0.1902703046798706
0.08602512627840042
0.2431226223707199
0.043198440223932266
0.12043716013431549
0.1092800721526146
0.038029205054044724
0.22506248950958252
0.47795018553733826
0.08335485309362411
0.3379218578338623
0.06520617753267288
0.12654322385787964
0.027844849973917007
0.03825664520263672
0.20937813818454742
0.12445390224456787
0.44684553146362305
0.028766153380274773
0.040555279701948166
0.28829631209373474
0.20710091292858124
0.042956337332725525
0.03347895294427872
0.047011975198984146
0.18543802201747894
0.044016752392053604
0.032747991383075714
0.02874533087015152
0.028910016641020775
0.19530771672725677
0.10814329236745834
0.12904122471809387
0.07173874229192734
0.17237034440040588
0.15260575711727142
0.173751100897789
0.20027688145637512
0.17226719856262207
0.14548416435718536
0.1702830195426941
0.07990742474794388
0.18746505677700043
0.44059887528419495
0.09199128299951553
0.09414838999509811
0.11551623791456223
0.090198814868927
0.10420796275138855
0.11395449936389923
0.07549687474966049
0.14909470081329346
0.09805826842784882
0.12099883705377579
0.24852177500724792
0.23395220935344696
0.22131839394569397
0.12130171060562134
0.06165505200624466
0.14383047819137573
0.03661608695983887
0.31788548827171326
0.09600995481014252
0.1450914740562439
0.16256354749202728
0.11954043805599213
0.11068315804004669
0.30421239137649536
0.162108913064003
0.22867776453495026
0.23954305052757263
0.14201566576957703
0.4667107164859772
0.029494503512978554
0.3357388377189636
0.2320086508989334
0.2495862990617752
0.11016073822975159
0.14323456585407257
0.3274945318698883
0.06466923654079437
0.07145945727825165
0.23257899284362793
0.02732710726559162
0.15374159812927246
0.03393957391381264
0.2785647511482239
0.12136942148208618
0.127944678068161
0.08681629598140717
0.16239938139915466
0.2143387794494629
0.10917773097753525
0.1545620858669281
0.14304552972316742
0.12400385737419128
0.16481994092464447
0.20362815260887146
0.04979511722922325
0.19840271770954132
0.11634130775928497
0.12065111100673676
0.03856412321329117
0.19486495852470398
0.1474570780992508
0.2852591276168823
0.3743385076522827
0.030817421153187752
0.028238758444786072
0.15739336609840393
0.09138265252113342
0.1379002034664154
0.04067295789718628
0.2528940737247467
0.21876294910907745
0.09466081112623215
0.08065752685070038
0.17792992293834686
0.07104030251502991
0.17991377413272858
0.028373170644044876
0.1592840552330017
0.09270594269037247
0.11538849771022797
0.23253236711025238
0.29498693346977234
0.16616278886795044
0.10461752116680145
0.029398050159215927
0.08740056306123734
0.05279938504099846
0.030677398666739464
0.06151171773672104
0.07854881882667542
0.15704691410064697
0.22439800202846527
0.18178702890872955
0.06768221408128738
0.10332246124744415
0.029445219784975052
0.21140046417713165
0.07018527388572693
0.21455417573451996
0.13621786236763
0.027978291735053062
0.23394149541854858
0.07913443446159363
0.04482480511069298
0.20375443994998932
0.04936280474066734
0.03115667589008808
0.176347553730011
0.06204900145530701
0.1586310714483261
0.06193710118532181
0.0932786762714386
0.3797045350074768
0.06899049133062363
0.22363099455833435
0.14324863255023956
0.19985723495483398
0.2102077454328537
0.030686168000102043
0.16051197052001953
0.11835460364818573
0.06749840080738068
0.18578369915485382
0.1790122389793396
0.24249929189682007
0.02778146229684353
0.18288230895996094
0.1541694551706314
0.027339745312929153
0.2446642965078354
0.1846720576286316
0.10872035473585129
0.34267646074295044
0.2692506015300751
0.10128071159124374
0.1631300449371338
0.11072379350662231
0.25099417567253113
0.23217417299747467
0.141595721244812
0.20555329322814941
0.126203253865242
0.1259036362171173
0.10974961519241333
0.11970410495996475
0.16490428149700165
0.03029804863035679
0.14065206050872803
0.027309173718094826
0.028061749413609505
0.029151450842618942
0.13649752736091614
0.08691714704036713
0.13142479956150055
0.08995945751667023
0.03845507651567459
0.09358713775873184
0.2575130760669708
0.10307960212230682
0.11871551722288132
0.04491599649190903
0.3189326226711273
0.4179139733314514
0.0391269326210022
0.15028056502342224
0.0290924534201622
0.08417460322380066
0.13961507380008698
0.07528004050254822
0.22531238198280334
0.24821656942367554
0.2789957821369171
0.06773634999990463
0.15912961959838867
0.11349532753229141
0.0842011570930481
0.03868544101715088
0.2930993437767029
0.15019498765468597
0.06196453794836998
0.11240112781524658
0.2332737296819687
0.13500067591667175
0.0283951498568058
0.21544788777828217
0.06480731070041656
0.10500362515449524
0.04786554351449013
0.15457093715667725
0.11637047678232193
0.09814777970314026
0.10067016631364822
0.30289599299430847
0.1277303695678711
0.05982767790555954
0.11436097323894501
0.06875364482402802
0.16707469522953033
0.04407224804162979
0.029900142922997475
0.02904248610138893
0.18989510834217072
0.038266733288764954
0.21333330869674683
0.17713700234889984
0.19247545301914215
0.18857070803642273
0.09502767026424408
0.1501408815383911
0.18584339320659637
0.1582743227481842
0.05660684406757355
0.09031978249549866
0.033893391489982605
0.11519770324230194
0.030485304072499275
0.1672932356595993
0.10899334400892258
0.24884189665317535
0.21976864337921143
0.07171797752380371
0.18255601823329926
0.29355567693710327
0.07697863131761551
0.20859958231449127
0.2232891172170639
0.03315579891204834
0.12118658423423767
0.14435070753097534
0.18043719232082367
0.4673684537410736
0.1469723880290985
0.035173580050468445
0.04490504041314125
0.13209128379821777
0.12858808040618896
0.18558596074581146
0.028142156079411507
0.03297020122408867
0.21618685126304626
0.1568354070186615
0.08308862149715424
0.13872668147087097
0.09921981394290924
0.1421278864145279
0.29093137383461
0.13340802490711212
0.14191226661205292
0.12991714477539062
0.28446221351623535
0.15647132694721222
0.18277567625045776
0.24363310635089874
0.028536874800920486
0.13569802045822144
0.08274441957473755
0.09215543419122696
0.14841417968273163
0.07188327610492706
0.07491499930620193
0.08086380362510681
0.4820050001144409
0.03354690968990326
0.1893671154975891
0.08616093546152115
0.07598692178726196
0.027231190353631973
0.24304723739624023
0.3282985985279083
0.19760070741176605
0.08306172490119934
0.4993950128555298
0.03411617875099182
0.20239147543907166
0.06638532131910324
0.04602721706032753
0.04175099730491638
0.12023301422595978
0.16832208633422852
0.13846364617347717
0.16851824522018433
0.053889818489551544
0.23028533160686493
0.20023274421691895
0.04323563352227211
0.09147249907255173
0.11785421520471573
0.3711220920085907
0.028427114710211754
0.032485999166965485
0.16220460832118988
0.08021703362464905
0.08861143887042999
0.18834787607192993
0.02792036347091198
0.1519959568977356
0.15361769497394562
0.2950137257575989
0.16195575892925262
0.18947269022464752
0.1666761338710785
0.1731794774532318
0.17664752900600433
0.1442682296037674
0.02828795090317726
0.10005050897598267
0.43375274538993835
0.16449391841888428
0.12884896993637085
0.030190574005246162
0.21924343705177307
0.05106040835380554
0.027856484055519104
0.10578999668359756
0.12775111198425293
0.13402597606182098
0.2096071094274521
0.18252333998680115
0.03546221926808357
0.11688745021820068
0.09117676317691803
0.11223054677248001
0.028413617983460426
0.1179666668176651
0.14775250852108002
0.0454547181725502
0.029200410470366478
0.05065111443400383
0.4597517251968384
0.10498922318220139
0.09747441112995148
0.22197328507900238
0.07705536484718323
0.029524629935622215
0.11126816272735596
0.033893682062625885
0.09084991365671158
0.13133692741394043
0.0463227853178978
0.0521545335650444
0.11319810897111893
0.156648188829422
0.09479761123657227
0.2149209976196289
0.1565629541873932
0.2506560683250427
0.15738749504089355
0.500966489315033
0.1747978925704956
0.3550989031791687
0.13706989586353302
0.5917825698852539
0.19910912215709686
0.19358141720294952
0.06892111152410507
0.0912332534790039
0.033902980387210846
0.33545762300491333
0.027916712686419487
0.1567075550556183
0.26140913367271423
0.18794497847557068
0.13139723241329193
0.1187891885638237
0.031540367752313614
0.08573629707098007
0.12075012922286987
0.0784585177898407
0.09555110335350037
0.15791603922843933
0.04215269908308983
0.12188757956027985
0.15291768312454224
0.07747159153223038
0.07709807902574539
0.027585469186306
0.19909045100212097
0.15665701031684875
0.14461417496204376
0.04056781157851219
0.06139922887086868
0.07006785273551941
0.25036370754241943
0.14907632768154144
0.030760617926716805
0.07967294752597809
0.15471473336219788
0.05885481834411621
0.08213051408529282
0.09534914046525955
0.1598571091890335
0.09013412147760391
0.17419186234474182
0.12865407764911652
0.31170618534088135
0.251442015171051
0.049456894397735596
0.34620216488838196
0.13806948065757751
0.09710173308849335
0.02848663739860058
0.03555535525083542
0.044221263378858566
0.19405797123908997
0.12503400444984436
0.15739093720912933
0.028004024177789688
0.03141431882977486
0.18954871594905853
0.04300343990325928
0.1755027174949646
0.05836766958236694
0.03318539261817932
0.18988466262817383
0.03160908445715904
0.08566292375326157
0.029164638370275497
0.17614799737930298
0.13182058930397034
0.11188393086194992
0.09149637818336487
0.037201281636953354
0.14999666810035706
0.20509019494056702
0.1533883959054947
0.07183238118886948
0.02755623869597912
0.2796211540699005
0.0324244499206543
0.08074600994586945
0.4413568377494812
0.1068754568696022
0.20183725655078888
0.057821616530418396
0.10885138064622879
0.0633801519870758
0.048315275460481644
0.07123556733131409
0.040459051728248596
0.1370297223329544
0.19300095736980438
0.06087334454059601
0.13574714958667755
0.12709882855415344
0.037292927503585815
0.17321361601352692
0.24233177304267883
0.02919868193566799
0.15169784426689148
0.10278069972991943
0.14851148426532745
0.20203229784965515
0.16031844913959503
0.13614699244499207
0.10599429905414581
0.15000227093696594
0.1605152189731598
0.05953918397426605
0.04734309762716293
0.04540608450770378
0.054323725402355194
0.12440542876720428
0.28212228417396545
0.12034030258655548
0.19997712969779968
0.2672502398490906
0.15268796682357788
0.030592817813158035
0.10228659212589264
0.1568104475736618
0.03232096508145332
0.12095355987548828
0.02857257053256035
0.028400873765349388
0.18400025367736816
0.15714754164218903
0.191507950425148
0.0758979469537735
0.17166495323181152
0.24928420782089233
0.03125019744038582
0.38792458176612854
0.5355454087257385
0.16005779802799225
0.0986163392663002
0.08850270509719849
0.02817012555897236
0.030959535390138626
0.11688657850027084
0.13608427345752716
0.1834714114665985
0.1260143667459488
0.12140647321939468
0.5630378723144531
0.19286823272705078
0.09134860336780548
0.058451443910598755
0.19897222518920898
0.08919303119182587
0.043356508016586304
0.3674381375312805
0.043022848665714264
0.034210894256830215
0.02839892916381359
0.11605437844991684
0.03975282609462738
0.12935113906860352
0.20155012607574463
0.1754501760005951
0.12743249535560608
0.14660315215587616
0.3787948489189148
0.2592945396900177
0.03476402908563614
0.15127409994602203
0.07169482111930847
0.16487561166286469
0.03918109089136124
0.31831711530685425
0.06842415034770966
0.18210874497890472
0.030337683856487274
0.12628412246704102
0.21388232707977295
0.06247520446777344
0.4542463719844818
0.027775468304753304
0.029106101021170616
0.12093575298786163
0.11471989750862122
0.04025842994451523
0.1079457700252533
0.13254767656326294
0.08530738949775696
0.21552827954292297
0.26367318630218506
0.21912401914596558
0.16296592354774475
0.09035849571228027
0.02899160049855709
0.0369107723236084
0.4474373161792755
0.2649194896221161
0.6157000660896301
0.30500778555870056
0.028114400804042816
0.027484340593218803
0.02781447023153305
0.4588450491428375
0.22290590405464172
0.08400870114564896
0.07323417067527771
0.15115366876125336
0.19497038424015045
0.028688788414001465
0.029723986983299255
0.264717698097229
0.0358489528298378
0.20923691987991333
0.19151756167411804
0.15728773176670074
0.15435156226158142
0.1074727326631546
0.04855844005942345
0.028620673343539238
0.07042890787124634
0.46270057559013367
0.19065460562705994
0.3606197237968445
0.0907483622431755
0.16097384691238403
0.0858936756849289
0.1552238017320633
0.24606700241565704
0.03320014476776123
0.050124164670705795
0.14540435373783112
0.5255211591720581
0.32115501165390015
0.03435086831450462
0.08367370069026947
0.07410964369773865
0.4151640832424164
0.17202654480934143
0.21706326305866241
0.07538994401693344
0.200212761759758
0.12584376335144043
0.09460747241973877
0.199263796210289
0.1797792613506317
0.2697118818759918
0.2957419157028198
0.13145068287849426
0.1302395761013031
0.19069638848304749
0.17059214413166046
0.03199761360883713
0.02896762825548649
0.029907122254371643
0.12022758275270462
0.15197530388832092
0.034888699650764465
0.6014233827590942
0.1527654528617859
0.13994887471199036
0.035892292857170105
0.030881132930517197
0.10163051635026932
0.1656954139471054
0.18687967956066132
0.1276855319738388
0.27185845375061035
0.18768402934074402
0.1611659973859787
0.0748276561498642
0.06502178311347961
0.06042485684156418
0.06058336794376373
0.1680145561695099
0.15413092076778412
0.032941825687885284
0.03120967000722885
0.2108188420534134
0.1010763868689537
0.07448138296604156
0.07255023717880249
0.06787257641553879
0.040415480732917786
0.031420666724443436
0.2248946577310562
0.0313301607966423
0.03518124669790268
0.3259717524051666
0.11551259458065033
0.5403848886489868
0.17491409182548523
0.033998630940914154
0.15173321962356567
0.029662245884537697
0.07715686410665512
0.08806569874286652
0.06676339358091354
0.16953134536743164
0.030605534091591835
0.16811873018741608
0.2211286425590515
0.11312995105981827
0.2133508026599884
0.37555795907974243
0.38908907771110535
0.35190436244010925
0.0801006406545639
0.03210093080997467
0.4771904945373535
0.030277449637651443
0.15807968378067017
0.1613704264163971
0.14952249825000763
0.03985082358121872
0.2520212233066559
0.030573394149541855
0.11604280769824982
0.04937577247619629
0.17302201688289642
0.18445304036140442
0.07455176115036011
0.28915607929229736
0.12152612209320068
0.5878636837005615
0.15358278155326843
0.1575777679681778
0.06544394791126251
0.22191222012043
0.11912563443183899
0.14030849933624268
0.09412708878517151
0.045800164341926575
0.18141667544841766
0.0278568547219038
0.09124721586704254
0.07396601885557175
0.23450323939323425
0.039588578045368195
0.16159673035144806
0.29506611824035645
0.08349134027957916
0.02859845757484436
0.046252623200416565
0.050076521933078766
0.16086851060390472
0.13086996972560883
0.17346809804439545
0.04473493620753288
0.06780742108821869
0.2274462878704071
0.13187925517559052
0.06890152394771576
0.18705682456493378
0.0434294119477272
0.20457372069358826
0.16785213351249695
0.18734011054039001
0.03855184465646744
0.18150927126407623
0.02966257371008396
0.1345023810863495
0.20168547332286835
0.6155564785003662
0.15690135955810547
0.1573401689529419
0.2368980348110199
0.5375453233718872
0.1038559228181839
0.06314639002084732
0.11174996942281723
0.10043598711490631
0.1560015231370926
0.02977897785604
0.039162829518318176
0.1052478700876236
0.21423235535621643
0.2052215039730072
0.1605418175458908
0.10841801017522812
0.10851693153381348
0.1669379323720932
0.03811654448509216
0.2501814365386963
0.036832936108112335
0.1302720308303833
0.39125892519950867
0.20289747416973114
0.10008350759744644
0.16882717609405518
0.22269725799560547
0.09824781864881516
0.3196439743041992
0.14333795011043549
0.07658729702234268
0.11353941261768341
0.05143806338310242
0.12406596541404724
0.02999093197286129
0.027315286919474602
0.2033303827047348
0.08572214096784592
0.11350735276937485
0.07719328999519348
0.04263367876410484
0.12129935622215271
0.09325876086950302
0.12267781794071198
0.18712614476680756
0.23793374001979828
0.05689284950494766
0.09302212297916412
0.5061447024345398
0.12322667986154556
0.05102526396512985
